302 5001 18
302 4001 1
302 3201 1
302 3001 3
302 2301 4
302 2201 9
302 2101 7
302 2003 2
302 2002 10
302 2001 18
301 5001 12
301 4001 2
301 3201 0
301 3001 10
301 2301 0
301 2201 3
301 2101 3
301 2003 5
301 2002 3
301 2001 5
202 5001 40
202 4001 4
202 3201 8
202 3001 6
202 2301 9
202 2201 12
202 2101 5
202 2003 15
202 2002 12
202 2001 0
201 6001 4
201 5001 30
201 4001 0
201 3201 6
201 3001 5
201 2301 3
201 2201 6
201 2101 0
201 2003 10
201 2002 20
201 2001 10
102 5001 25
102 4001 7
102 3201 3
102 3001 0
102 2301 5
102 2201 0
102 2101 10
102 2003 12
102 2002 8
102 2001 2
101 6001 8
101 5001 60
101 4001 5
101 3201 4
101 3001 12
101 2301 8
101 2201 15
101 2101 22
101 2003 0
101 2002 18
101 2001 35
